2.076914 1.000000 2.000000 1.000000 1.000000 
2.257428 2.000000 2.000000 1.000000 1.000000 2.076914 0.180514 
4.748240 1.000000 3.000000 2.000000 1.000000 
5.592303 1.000000 4.000000 3.000000 3.000000 
10.342949 1.000000 5.000000 4.000000 1.000000 
13.314266 2.000000 3.000000 2.000000 1.000000 4.748240 8.566026 
21.399139 1.000000 6.000000 5.000000 1.000000 
21.897963 2.000000 4.000000 3.000000 3.000000 5.592303 16.305660 
23.790775 2.000000 5.000000 4.000000 1.000000 10.342949 13.447826 
26.098602 2.000000 6.000000 5.000000 1.000000 21.399139 4.699463 
40.015450 1.000000 7.000000 6.000000 1.000000 
40.614341 2.000000 7.000000 6.000000 1.000000 40.015450 0.598891 
42.128704 1.000000 8.000000 7.000000 3.000000 
53.083642 2.000000 8.000000 7.000000 3.000000 42.128704 10.954939 
64.046066 1.000000 9.000000 8.000000 3.000000 
70.862528 2.000000 9.000000 8.000000 3.000000 64.046066 6.816462 
99.669711 1.000000 10.000000 9.000000 1.000000 
101.522997 2.000000 10.000000 9.000000 1.000000 99.669711 1.853285 
107.852369 1.000000 11.000000 10.000000 1.000000 
107.960905 1.000000 12.000000 11.000000 2.000000 
111.151541 1.000000 13.000000 12.000000 1.000000 
112.317402 2.000000 11.000000 10.000000 1.000000 107.852369 4.465033 
117.593393 1.000000 14.000000 13.000000 1.000000 
120.010272 2.000000 12.000000 11.000000 2.000000 107.960905 12.049366 
126.171520 1.000000 15.000000 14.000000 2.000000 
131.062827 2.000000 13.000000 12.000000 1.000000 111.151541 19.911286 
132.852920 2.000000 14.000000 13.000000 1.000000 117.593393 15.259528 
134.520419 2.000000 15.000000 14.000000 2.000000 126.171520 8.348899 
135.710008 1.000000 16.000000 15.000000 1.000000 
136.239959 1.000000 17.000000 16.000000 1.000000 
144.939882 2.000000 16.000000 15.000000 1.000000 135.710008 9.229873 
147.331799 2.000000 17.000000 16.000000 1.000000 136.239959 11.091840 
148.758658 1.000000 18.000000 17.000000 1.000000 
149.746616 2.000000 18.000000 17.000000 1.000000 148.758658 0.987958 
162.634866 1.000000 19.000000 18.000000 3.000000 
167.179612 2.000000 19.000000 18.000000 3.000000 162.634866 4.544747 
170.221943 1.000000 20.000000 19.000000 2.000000 
171.775435 2.000000 20.000000 19.000000 2.000000 170.221943 1.553492 
175.055600 1.000000 21.000000 20.000000 2.000000 
181.307263 1.000000 22.000000 21.000000 2.000000 
184.248334 2.000000 21.000000 20.000000 2.000000 175.055600 9.192734 
194.795300 2.000000 22.000000 21.000000 2.000000 181.307263 13.488037 
197.863179 1.000000 23.000000 22.000000 1.000000 
197.949537 1.000000 24.000000 23.000000 2.000000 
198.777814 2.000000 23.000000 22.000000 1.000000 197.863179 0.914635 
201.653135 1.000000 25.000000 24.000000 1.000000 
202.423952 2.000000 24.000000 23.000000 2.000000 197.949537 4.474415 
203.533175 2.000000 25.000000 24.000000 1.000000 201.653135 1.880040 
204.306405 1.000000 26.000000 25.000000 1.000000 
205.265697 1.000000 27.000000 26.000000 1.000000 
205.943292 2.000000 26.000000 25.000000 1.000000 204.306405 1.636887 
208.098050 1.000000 28.000000 27.000000 2.000000 
213.051795 1.000000 29.000000 28.000000 1.000000 
214.002720 2.000000 27.000000 26.000000 1.000000 205.265697 8.737022 
218.730229 2.000000 28.000000 27.000000 2.000000 208.098050 10.632179 
219.526035 2.000000 29.000000 28.000000 1.000000 213.051795 6.474240 
232.016487 1.000000 30.000000 29.000000 3.000000 
234.514578 2.000000 30.000000 29.000000 3.000000 232.016487 2.498091 
250.696503 1.000000 31.000000 30.000000 1.000000 
253.191128 2.000000 31.000000 30.000000 1.000000 250.696503 2.494626 
